Box: [0, 0, 860, 260] Words: [017140, Fri, Jun, 03,, 2016, AMERICAN, FAMILY, INSURANCE, 1900, LATHROP, AVE, RACINE, WI, 53405-3707] Ratio: 0.29095625
Box: [1240, 2080, 2100, 2340] Words: ['_, AGENT, PHONE, 262-898-1150, ., -, '_, E-MAIL:, traasch@amfam.com] Ratio: 0.28704375
Box: [1370, 2030, 2230, 2290] Words: ['_, AGENT, PHONE, 262-898-1150, -, '_, E-MAIL:, traasch@amfam.com] Ratio: 0.28696875
