Box: [170, 550, 1030, 810] Words: [Joyce, A, Dirschl, 3711, Misty, Meadow, Ln, Unit, 58, De, Pere, WI, 54115-7636] Ratio: 0.25583125
Box: [170, 620, 1030, 880] Words: [Joyce, A, 3711, Misty, Meadow, Ln, Unit, 58, De, Pere, WI, 54115-7636] Ratio: 0.25583125
Box: [510, 1160, 1370, 1420] Words: [ATTACHED, SCHEDULED, ENDORSEMENTS, PROPERTY, PREMIUM, PREMIUM, $14.00] Ratio: 0.256125
Box: [1200, 110, 2060, 370] Words: [Homeowners, -, Standard, Renewal, Declaration] Ratio: 0.22318125
