Box: [0, 0, 860, 260] Words: [017140, Fri, Jun, 03,, 2016, AMERICAN, FAMILY, INSURANCE, 6000, AMERICAN, PKY, MADISON, WI, 53783-0001] Ratio: 0.29589375
Box: [180, 500, 1040, 760] Words: [0003396148EC119CAA100, 068-045, 000, JOHNSON, BANK, ITS, SUCCESSORS, AND/OR, ASSIGNS, PO, BOX, 39653, SOLON, OH, 44139-0653] Ratio: 0.39791875
Box: [1440, 10, 2300, 270] Words: [/, ‘, AMERICAN, FAMILY, m6] Ratio: 0.23536875
