Box: [40, 2330, 900, 2590] Words: [PLEASE, DIRECT, QUESTIONS,, CHANGES, AND, CANCELLATIONS, TO, YOUR, AGENT., PORTER, INSURANCE, AGCY, 563—285—4321] Ratio: 0.4516875
Box: [260, 2780, 1120, 3040] Words: [IMT, INSURANCE, PO, BOX, 402001, DES, MOINES,, IA, 50940-2001] Ratio: 0.22060625
