Box: [100, 610, 960, 870] Words: [Yuly, Osorio, &, Julio, Araujo, 6238, Dominion, Dr, Madison, WI, 53718-3123] Ratio: 0.2636625
Box: [520, 1160, 1380, 1420] Words: [ATTACHED, SCHEDULED, ENDORSEMENTS, PROPERTY, PREMIUM, PREMIUM, $82.00] Ratio: 0.254525
Box: [1190, 110, 2050, 370] Words: [Homeowners, -, Badger, 2000, Renewal, Declaration] Ratio: 0.2379
