Box: [910, 1940, 1770, 2200] Words: [MANAV, ANAND, 6009, E, DANBURY, RD, SCOTTSDALE, AZ, 85254-6445] Ratio: 0.245175
Box: [1510, 80, 2370, 340] Words: [v@Allstate:, You're, in, good, hands.] Ratio: 0.66568125
