Box: [0, 660, 860, 920] Words: [LN, 03290075488-, JO, NSON, BANK,, ISAOA, PO, BOX, 39653, _., SOLON, OH, 44139] Ratio: 0.335125
Box: [150, 380, 1010, 640] Words: [MILBANK, INSURANCE, COMPANY, ., ., BOX, 18273, COLUMBUS,, OH, 43218] Ratio: 0.3104625
Box: [160, 660, 1020, 920] Words: [LN, 03290075488-, JO, NSON, BANK,, ISAOA, PO, BOX, 39653, SOLON, OH, 44139] Ratio: 0.3339375
Box: [1340, 650, 2200, 910] Words: [POLICY, ISSUED, TO-, EUGENE, JOHNSON, PO, BOX, 1907, NEVADA, CITY, CA, 95959, -, .] Ratio: 0.33995625
