Box: [1240, 2770, 2000, 3030] Words: [JOHNSON, BANK, ISAOA, PO, BOX, 39653, SOLON, OH, 44139-0653] Ratio: 0.2668142857142857
Box: [1350, 610, 2110, 870] Words: [Billing, Name, and, Address, HEATHER, L, SCHIMMERS, 1408, SOUTHFIELD, DR, MENASHA, WI, 54952-9490] Ratio: 0.4349071428571429
Box: [1380, 910, 2140, 1170] Words: [Loan, Number:, 3290130679, Amount, Due:, $935.00] Ratio: 0.30756428571428573
