Box: [60, 510, 820, 770] Words: [JOHNSON, BANK, ISAOA, PO, BOX, 39653, SOLON, 0H, 44139] Ratio: 0.20106428571428572
Box: [60, 600, 820, 860] Words: [PO, BOX, 39653, SOLON, 0H, 44139] Ratio: 0.20106428571428572
Box: [1750, 520, 2510, 780] Words: [For, POI-1°)!, changes, or, quesfions, call:, 1-800-236-5546, For, clams, can:, 1—800-252-4633.] Ratio: 0.29315714285714284
