Box: [80, 660, 840, 920] Words: [LN, 03290075488-, JO, NSON, BANK,, ISAOA, PO, BOX, 39653, _., SOLON, OH, 44139] Ratio: 0.383
Box: [160, 660, 920, 920] Words: [LN, 03290075488-, JO, NSON, BANK,, ISAOA, PO, BOX, 39653, SOLON, OH, 44139] Ratio: 0.3816428571428571
Box: [1260, 650, 2020, 910] Words: [3, POLICY, ISSUED, TO-, EUGENE, JOHNSON, PO, BOX, 1907, NEVADA, CITY, CA, -, .] Ratio: 0.35091428571428573
Box: [1440, 650, 2200, 910] Words: [POLICY, ISSUED, TO-, EUGENE, JOHNSON, PO, BOX, 1907, NEVADA, CITY, CA, 95959, -, .] Ratio: 0.3885214285714286
