Box: [910, 1610, 1670, 1870] Words: [JOHNSON, BANK, P, 0, BOX, 39653, SOLON, OH, 44139-0653] Ratio: 0.22314285714285714
Box: [990, 1940, 1750, 2200] Words: [MANAV, ANAND, 6009, E, DANBURY, RD, SCOTTSDALE, AZ, 85254-6445] Ratio: 0.2802
Box: [1610, 80, 2370, 340] Words: [v@Allstate:, You're, in, good, hands.] Ratio: 0.7607785714285714
