Box: [170, 1160, 930, 1420] Words: [BASIC, ATTACHED, COVERAGES, ENDORSEMENTS, PREMIUM, PREMIUM, $157.00, $14.00] Ratio: 0.31915
Box: [510, 1160, 1270, 1420] Words: [ATTACHED, SCHEDULED, ENDORSEMENTS, PROPERTY, PREMIUM, PREMIUM, $14.00] Ratio: 0.2927142857142857
Box: [1300, 110, 2060, 370] Words: [Homeowners, -, Standard, Renewal, Declaration] Ratio: 0.2550642857142857
