Box: [0, 530, 760, 790] Words: [JOHNSON, BANK, PO, BOX, 39653, SOLON, OH, 44139-0653] Ratio: 0.23311428571428572
Box: [880, 1610, 1640, 1870] Words: [JOHNSON, BANK, P, 0, BOX, 39653, SOLON, OH, 44139-0653] Ratio: 0.22314285714285714
Box: [990, 1940, 1750, 2200] Words: [MANAV, ANAND, 6009, E, DANBURY, RD, SCOTTSDALE, AZ, 85254-6445] Ratio: 0.2802
Box: [1500, 790, 2260, 1050] Words: [Allstate, Vehicle, and, Property, Insurance, Company] Ratio: 0.21687857142857142
