Box: [70, 70, 830, 330] Words: [AMERICAN, FAMILY, INSURANCE, 6000, AMERICAN, PKY, MADISON, WI, 53783-0001] Ratio: 0.22496428571428573
Box: [280, 500, 1040, 760] Words: [0003396148EC119CAA100, 068-045, 000, JOHNSON, BANK, ITS, SUCCESSORS, AND/OR, ASSIGNS, PO, BOX, 39653, SOLON, OH, 44139-0653] Ratio: 0.45476428571428573
Box: [1540, 10, 2300, 270] Words: [/, ‘, AMERICAN, FAMILY, m6] Ratio: 0.26899285714285714
