Box: [70, 70, 830, 330] Words: [AMERICAN, FAMILY, INSURANCE, 6000, AMERICAN, PKY, MADISON, WI, 53783-0001] Ratio: 0.22024285714285713
Box: [300, 500, 1060, 760] Words: [000328614850119CM100, 233-013, 000, JOHNSON, BANK, ITS, successons, AND/OR, ASSIGNS, PO, BOX, 39653, SOLON, OH, 44139-0653] Ratio: 0.4508714285714286
