Box: [0, 630, 760, 890] Words: [JOHNSON, BANK, ISAOA, Box, 39653, SOLON,, OH, 44139] Ratio: 0.21239285714285713
Box: [360, 2780, 1120, 3040] Words: [IMT, INSURANCE, PO, BOX, 402001, DES, MOINES,, IA, 50940-2001] Ratio: 0.25212142857142855
