Box: [170, 610, 930, 870] Words: [Craig, R, Jacobs, 5, Victoria, L, Jacobs, 6627, Highway, 31, Caledonia, WI, 53402-9734] Ratio: 0.34169285714285713
Box: [170, 1160, 930, 1420] Words: [BASIC, ATTACHED, COVERAGES, ENDORSEMENTS, PREMIUM, PREMIUM, $541.00, $13.00-] Ratio: 0.32829285714285716
Box: [520, 1160, 1280, 1420] Words: [ATTACHED, SCHEDULED, ENDORSEMENTS, PROPERTY, PREMIUM, PREMIUM, $13.00-] Ratio: 0.29677857142857145
Box: [1300, 110, 2060, 370] Words: [Homeowners, -, Standard, Renewal, Declaration] Ratio: 0.2503214285714286
