Box: [120, 610, 880, 870] Words: [Yuly, Osorio, &, Julio, Araujo, 6238, Dominion, Dr, Madison, WI, 53718-3123] Ratio: 0.30132857142857145
Box: [170, 1160, 930, 1420] Words: [BASIC, ATTACHED, COVERAGES, ENDORSEMENTS, PREMIUM, PREMIUM, $614.00, $82.00] Ratio: 0.3187714285714286
Box: [520, 1160, 1280, 1420] Words: [ATTACHED, SCHEDULED, ENDORSEMENTS, PROPERTY, PREMIUM, PREMIUM, $82.00] Ratio: 0.2908857142857143
