Box: [100, 70, 860, 330] Words: [AMERICAN, FAMILY, INSURANCE, 1900, LATHROP, AVE, RACINE, WI, 53405-3707] Ratio: 0.21932142857142858
Box: [1370, 2030, 2130, 2290] Words: ['_, AGENT, PHONE, 262-898-1150, -, '_, E-MAIL:, traasch@amfam.com] Ratio: 0.3279642857142857
