Box: [660, 1430, 1420, 1690] Words: [Policy, Number:, 00688-34251, Loan, Number:, 3290125386] Ratio: 0.34845714285714285
Box: [690, 970, 1450, 1230] Words: [Name, and, Address, of, Insured:] Ratio: 0.2033357142857143
Box: [690, 1060, 1450, 1320] Words: [Name, and, Address, of, Insured:, Joyce, A, DirschI] Ratio: 0.30351428571428574
Box: [1750, 2610, 2510, 2870] Words: [Dart, Insurance, Agency, Inc, Direct, SI3, MT, 001] Ratio: 0.26567857142857143
