Box: [80, 500, 1040, 760] Words: [000328614850119CM100, 233-013, 000, JOHNSON, BANK, ITS, successons, AND/OR, ASSIGNS, PO, BOX, 39653, SOLON, OH, 44139-0653,  ] Ratio: 0.39668333333333333
Box: [300, 500, 1260, 760] Words: [000328614850119CM100, 233-013, 000, JOHNSON, BANK, ITS, successons, AND/OR, ASSIGNS, PO, BOX, 39653, SOLON, OH, 44139-0653] Ratio: 0.35067777777777775
