Box: [0, 0, 960, 260] Words: [017140, Fri, Jun, 03,, 2016, AMERICAN, FAMILY, INSURANCE, 6000, AMERICAN, PKY, MADISON, WI, 53783-0001] Ratio: 0.2630166666666667
Box: [80, 500, 1040, 760] Words: [0003396148EC119CAA100, 068-045, 000, JOHNSON, BANK, ITS, SUCCESSORS, AND/OR, ASSIGNS, PO, BOX, 39653, SOLON, OH, 44139-0653] Ratio: 0.35370555555555555
Box: [1340, 10, 2300, 270] Words: [/, ‘, AMERICAN, FAMILY, m6] Ratio: 0.20921666666666666
