Box: [100, 940, 1060, 1200] Words: [Policy, Number:, 48XT697803, RE:, 10511, 69TH, ST, KENOSHA,, WI] Ratio: 0.21761111111111112
Box: [160, 1170, 1120, 1430] Words: [Insured:, VHAYNA, ROMANO, 6334, VIRGINIA, FIELDS, DR, KATY,, TX, 77494-0327] Ratio: 0.2698055555555556
Box: [180, 2670, 1140, 2930] Words: [Agent:, 067-045, Phone:, 262-694-8700, DAVID, ANDERSON, 7601, PERSHING, BLVD, STE, 2, KENOSHA,, WI, 53142-4321] Ratio: 0.3894166666666667
