Box: [0, 1330, 960, 1590] Words: [JOHNSON, BANK, REED, DANIEL, 10891, E, ., MOUNTAIN, SPRING, RD, SCOTTSDALE, AZ, 85255] Ratio: 0.26584444444444444
Box: [20, 100, 980, 360] Words: [CHUBB, GROUP, OF, INSURANCECOMPANIES, 202, HALL'S, MILL, ROAD, PO, BOX, 1600, WHITEHOUSE, STATION, NJ] Ratio: 0.27321666666666666
Box: [160, 2980, 1120, 3240] Words: [CHUBB, GROUP, OF, INSURANCE, COMPANIES, PO, BOX, 7247-0180, PHILADELPHIA, PA, 19170, -, 0180] Ratio: 0.2958277777777778
