Box: [470, 1430, 1430, 1690] Words: [Policy, Number:, 00526-70872, Loan, Number:, 329004923] Ratio: 0.26586666666666664
Box: [530, 1190, 1490, 1450] Words: [Craig, R, Jacobs, 8., Victoria, L, Jacobs, 6627, Highway, 31, Caledonia, WI, 53402-9734] Ratio: 0.38681666666666664
Box: [530, 1200, 1490, 1460] Words: [R, Jacobs, 8., Victoria, L, Jacobs, 6627, Highway, 31, Caledonia, WI, 53402-9734] Ratio: 0.38681666666666664
Box: [1460, 2610, 2420, 2870] Words: [62221, Reuter, &, Associates, Inc, Direct, SI3, MT, 001] Ratio: 0.21688888888888888
