Box: [100, 610, 1060, 870] Words: [Craig, R, Jacobs, 5, Victoria, L, Jacobs, 6627, Highway, 31, Caledonia, WI, 53402-9734] Ratio: 0.2657611111111111
Box: [260, 1160, 1220, 1420] Words: [BASIC, ATTACHED, SCHEDULED, COVERAGES, ENDORSEMENTS, PROPERTY, PREMIUM, PREMIUM, PREMIUM, $541.00, $13.00-] Ratio: 0.3459388888888889
Box: [520, 1160, 1480, 1420] Words: [ATTACHED, SCHEDULED, ENDORSEMENTS, PROPERTY, PREMIUM, PREMIUM, $13.00-] Ratio: 0.23082777777777777
