Box: [90, 550, 1050, 810] Words: [Joyce, A, Dirschl, 3711, Misty, Meadow, Ln, Unit, 58, De, Pere, WI, 54115-7636] Ratio: 0.22740555555555556
Box: [90, 620, 1050, 880] Words: [Joyce, A, 3711, Misty, Meadow, Ln, Unit, 58, De, Pere, WI, 54115-7636] Ratio: 0.22740555555555556
Box: [250, 1160, 1210, 1420] Words: [BASIC, ATTACHED, SCHEDULED, COVERAGES, ENDORSEMENTS, PROPERTY, PREMIUM, PREMIUM, PREMIUM, $157.00, $14.00] Ratio: 0.3410666666666667
Box: [510, 1160, 1470, 1420] Words: [ATTACHED, SCHEDULED, ENDORSEMENTS, PROPERTY, PREMIUM, PREMIUM, $14.00] Ratio: 0.22766666666666666
