Box: [0, 550, 960, 810] Words: [JOHNSON, BANK, PO, BOX, 39653, SOLON.0H, 44139-0653] Ratio: 0.27258333333333334
Box: [350, 1380, 1310, 1640] Words: [Property, Location:, 2049, DOLLAR, RD, DE, PERE,, BROWN,, LoanNumber:] Ratio: 0.2790166666666667
Box: [810, 1380, 1770, 1640] Words: [2049, DOLLAR, RD, DE, PERE,, BROWN,, WI, 54115-9713] Ratio: 0.22930555555555557
