Box: [1260, 550, 2020, 910] Words: [3, POLICY, ISSUED, TO-, EUGENE, JOHNSON, PO, BOX, 1907, NEVADA, CITY, CA, -, .] Ratio: 0.23394285714285715
Box: [1440, 550, 2200, 910] Words: [POLICY, ISSUED, TO-, EUGENE, JOHNSON, PO, BOX, 1907, NEVADA, CITY, CA, 95959, -, .] Ratio: 0.2590142857142857
