Box: [0, 560, 760, 920] Words: [2234, 1, MB, 0.419, JOHNSON, BANK, ISAOA, PO, BOX, 39653, SOLON, OH, 44139-0653] Ratio: 0.22148571428571429
Box: [670, 1430, 1430, 1790] Words: [Policy, Number:, 00526-70872, Loan, Number:, 329004923] Ratio: 0.22788571428571427
