Box: [100, 2470, 860, 2830] Words: [MORTGAGEE, Johnson, Bank, ISAOA, PO, Box, 39653, Solon, OH, 44139-0653, LOAN, #, 3290111571] Ratio: 0.23773809523809525
Box: [120, 510, 880, 870] Words: [Yuly, Osorio, &, Julio, Araujo, 6238, Dominion, Dr, Madison, WI, 53718-3123] Ratio: 0.20088571428571428
Box: [170, 1080, 930, 1440] Words: [BASIC, ATTACHED, COVERAGES, ENDORSEMENTS, PREMIUM, PREMIUM, $614.00, $82.00] Ratio: 0.2125142857142857
