Box: [0, 420, 760, 780] Words: [Mail, To:, ggHBhasxoglgBeglélK, ISAOA, SOLON, OH, 44139] Ratio: 0.2005142857142857
Box: [0, 1170, 760, 1530] Words: [Your, CRAIG, WIEMERI, Agent:, 2043, LIBERTY, AVE, BELOIT, WI, 53511, OFFICE:, 608-365-6699] Ratio: 0.24880476190476192
Box: [1520, 420, 2280, 780] Words: [Rural, Mutual, Insurance, Company, PO, Box, 3040, Milwaukee, WI, 53201-3040] Ratio: 0.2009857142857143
