Box: [100, 2460, 860, 2820] Words: [MORTGAGEE, 001, Johnson, Bank, ISAOA, Po, Box, 39653, Solon, OH, 44139-0653, LOAN, #, 329004923] Ratio: 0.23606190476190475
Box: [100, 2470, 860, 2830] Words: [MORTGAGEE, Johnson, Bank, ISAOA, Po, Box, 39653, Solon, OH, 44139-0653, LOAN, #, 329004923] Ratio: 0.23606190476190475
Box: [170, 510, 930, 870] Words: [Craig, R, Jacobs, 5, Victoria, L, Jacobs, 6627, Highway, 31, Caledonia, WI, 53402-9734] Ratio: 0.2277952380952381
Box: [170, 1080, 930, 1440] Words: [BASIC, ATTACHED, COVERAGES, ENDORSEMENTS, PREMIUM, PREMIUM, $541.00, $13.00-] Ratio: 0.21886190476190476
