Page:1
Box: [0, 550, 740, 790] Words: [COMPANY, MAILING, ADDRESS, SELECTIVE, INSURANCE, COMPANY, OF, THE, SOUTHEAST, PO, BOX, 782747, PHILADELPHIA,, PA, 19178-2747] Ratio: 0.17743571428571428
Box: [40, 400, 780, 640] Words: [JESSE, C, BENTON, /, KATELYN, BENTON, 159, DAVIS, ST, YOUNGSVILLE,, PA, 16371-1119] Ratio: 0.18127142857142858
Box: [680, 520, 1420, 760] Words: [PROPERTY, LOCATION, 159, DAVIS, ST, YOUNGSVILLE., PA, 16371-1119] Ratio: 0.08273571428571429
Box: [680, 610, 1420, 850] Words: [PROPERTY, LOCATION, 159, DAVIS, ST, YOUNGSVILLE., PA, 16371-1119, DESCRIPTION:, N/A] Ratio: 0.10292142857142857
Box: [720, 1090, 1460, 1330] Words: [LOAN, NUMBER:, LOAN, NUMBER:, LOAN, NUMBER:] Ratio: 0.047142857142857146
Box: [890, 1080, 1630, 1320] Words: [LOAN, NUMBER:, 2925021645, LOAN, NUMBER:, N/A, LOAN, NUMBER:, N/A] Ratio: 0.0658
Box: [900, 840, 1640, 1080] Words: [DATE, OF, CONSTRUCTION:, 01/01/1900, COMMUNITY, NUMBER:, 420544, 0001, C, REGULAR, PROGRAM, COMMUNITY, NAME:, YDUNGSVILLE., BOROUGH, OF, CURRENT, FLOOD, ZONE:, AE, GRANDFATHERED:, NO, FLOOD, RISK/RATED, ZONE:, AE, ELEVATION, DIFFERENCE:, N/A] Ratio: 0.26303571428571426
