Page:1
Box: [0, 790, 740, 1030] Words: ["WWW, Base, Premimu, ., 3, 799, Emdoragmmt, 1‘anan, 5, 3, 4, 1'01:, 211, Premium, $, 8, 3, 3] Ratio: 0.11038571428571428
Box: [0, 1860, 740, 2100] Words: [H11:, 0019, $003] Ratio: 0.01475
Box: [90, 790, 830, 1030] Words: [Base, Premimu, ., 3, 799, Emdoragmmt, 1‘anan, 5, 3, 4, 1'01:, 211, Premium, $, 8, 3, 3] Ratio: 0.10515714285714285
Box: [400, 1740, 1140, 1980] Words: [NORTHWEST, ISAOA, PC, 3101’., 3, 9, 51:53-, Sill-ON, DE, 41413:?“, C, 54, 5, SA, VIN, 45, BANK] Ratio: 0.09927142857142857
Box: [430, 790, 1170, 1030] Words: [3, 799, 5, 3, 4, $, 8, 3, 3] Ratio: 0.018135714285714286
Box: [470, 790, 1210, 1030] Words: [799, 3, 4, 8, 3, 3] Ratio: 0.012371428571428571
