Page:1
Box: [100, 70, 840, 310] Words: [LexisNexis/FlRSt, PO, Box, 11563, Milwaukee., WI, 53211-0563] Ratio: 0.1989642857142857
Box: [110, 690, 850, 930] Words: [PO, BOX, 39653, SOLON., OH, 44139-0653] Ratio: 0.2415642857142857
Box: [1690, 2350, 2430, 2590] Words: [0/0, This, is, not, an, Invoice/Bill] Ratio: 0.05946428571428571
Box: [1760, 1810, 2500, 2050] Words: [This, is, not, an, Invoice/Bill] Ratio: 0.051635714285714285
Box: [1770, 2890, 2510, 3130] Words: [This, Is, not, an, Invoice/Bill] Ratio: 0.05237857142857143
Box: [270, 300, 1110, 540] Words: [IMPORTANT:, INSURANCE, COVERAGE, NOTIFICATION(S)] Ratio: 0.197425
