Box: [10, 540, 750, 780] Words: [JOHNSON, BANK, PO, BOX, 39653, SOLON, OH, 44139-0653] Ratio: 0.23311428571428572
Box: [890, 1620, 1630, 1860] Words: [JOHNSON, BANK, P, 0, BOX, 39653, SOLON, OH, 44139-0653] Ratio: 0.22314285714285714
Box: [1000, 1950, 1740, 2190] Words: [MANAV, ANAND, 6009, E, DANBURY, RD, SCOTTSDALE, AZ, 85254-6445] Ratio: 0.2802
Box: [1510, 800, 2250, 1040] Words: [Allstate, Vehicle, and, Property, Insurance, Company] Ratio: 0.21687857142857142
