Box: [0, 640, 740, 880] Words: [JOHNSON, BANK, ISAOA, Box, 39653, SOLON,, OH, 44139] Ratio: 0.21239285714285713
Box: [370, 2790, 1110, 3030] Words: [IMT, INSURANCE, PO, BOX, 402001, DES, MOINES,, IA, 50940-2001] Ratio: 0.25212142857142855
Box: [1690, 150, 2430, 390] Words: [{JED, GROUP] Ratio: 0.40872142857142857
