Box: [190, 2780, 930, 3020] Words: [00662-87221, HEATHER, L, SCHIMMERS, 1408, SOUTHFIELD, DR, MENASHA, WI, 54952-9490] Ratio: 0.40913571428571427
Box: [1250, 2770, 1990, 3010] Words: [JOHNSON, BANK, ISAOA, PO, BOX, 39653, SOLON, OH, 44139-0653] Ratio: 0.2668142857142857
Box: [1360, 620, 2100, 860] Words: [Billing, Name, and, Address, HEATHER, L, SCHIMMERS, 1408, SOUTHFIELD, DR, MENASHA, WI, 54952-9490] Ratio: 0.4349071428571429
Box: [1390, 920, 2130, 1160] Words: [Loan, Number:, 3290130679, Amount, Due:, $935.00] Ratio: 0.30756428571428573
