Box: [80, 70, 820, 310] Words: [AMERICAN, FAMILY, INSURANCE, 6000, AMERICAN, PKY, MADISON, WI, 53783-0001] Ratio: 0.22024285714285713
Box: [170, 0, 910, 240] Words: [Received, Fri, Jun, 03,, 2016, AMERICAN, FAMILY, INSURANCE, 6000, AMERICAN, PKY, MADISON, WI, 53783-0001] Ratio: 0.3081785714285714
Box: [170, 10, 910, 250] Words: [Fri, Jun, 03,, 2016, AMERICAN, FAMILY, INSURANCE, 6000, AMERICAN, PKY, MADISON, WI, 53783-0001] Ratio: 0.3081785714285714
Box: [300, 510, 1040, 750] Words: [000328614850119CM100, 233-013, 000, JOHNSON, BANK, ITS, successons, AND/OR, ASSIGNS, PO, BOX, 39653, SOLON, OH, 44139-0653] Ratio: 0.4508714285714286
