Box: [70, 560, 910, 800] Words: [JOHNSON, BANK, PO, BOX, 39653, SOLON.0H, 44139-0653] Ratio: 0.30665625
Box: [1280, 1300, 2120, 1540] Words: [TIMOTHY, R, SCHUETTPELZ, WI, 54115-9713] Ratio: 0.2153375
