Box: [130, 950, 970, 1190] Words: [Policy, Number:, 48XT697803, RE:, 10511, 69TH, ST, KENOSHA,] Ratio: 0.2354125
Box: [210, 950, 1050, 1190] Words: [Policy, Number:, 48XT697803, RE:, 10511, 69TH, ST, KENOSHA,, WI] Ratio: 0.2448125
Box: [270, 1170, 1110, 1410] Words: [Insured:, VHAYNA, ROMANO, 6334, VIRGINIA, FIELDS, DR, KATY,, TX, 77494-0327] Ratio: 0.30353125
Box: [290, 2680, 1130, 2920] Words: [Agent:, 067-045, Phone:, 262-694-8700, DAVID, ANDERSON, 7601, PERSHING, BLVD, STE, 2, KENOSHA,, WI, 53142-4321] Ratio: 0.43809375
