Box: [570, 1430, 1410, 1670] Words: [Policy, Number:, 00664-64721, Loan, Number:, 3290111571] Ratio: 0.3067375
Box: [600, 1210, 1440, 1450] Words: [Yuly, Osorio, 8-, Julio, Araujo, 6238, Dominion, Dr, Madison, WI, 53718-3123] Ratio: 0.38191875
