Box: [50, 2340, 890, 2580] Words: [PLEASE, DIRECT, QUESTIONS,, CHANGES, AND, CANCELLATIONS, TO, YOUR, AGENT., PORTER, INSURANCE, AGCY, 563—285—4321] Ratio: 0.4516875
Box: [270, 2790, 1110, 3030] Words: [IMT, INSURANCE, PO, BOX, 402001, DES, MOINES,, IA, 50940-2001] Ratio: 0.22060625
Box: [1390, 2790, 2230, 3030] Words: [ , AMOUNT, ENCLOSED,  ,  ,  ,  ] Ratio: 0.20473125
