Box: [580, 1430, 1420, 1670] Words: [Policy, Number:, 00526-70872, Loan, Number:, 329004923] Ratio: 0.2991
Box: [640, 1200, 1480, 1440] Words: [Craig, R, Jacobs, 8., Victoria, L, Jacobs, 6627, Highway, 31, Caledonia, WI, 53402-9734] Ratio: 0.43516875
Box: [640, 1210, 1480, 1450] Words: [R, Jacobs, 8., Victoria, L, Jacobs, 6627, Highway, 31, Caledonia, WI, 53402-9734] Ratio: 0.43516875
Box: [1570, 2620, 2410, 2860] Words: [62221, Reuter, &, Associates, Inc, Direct, SI3, MT, 001] Ratio: 0.244
